33830084726900658484656775008765830073780080827971826983
831200847269006679776683006669716578008479007065767600
737800696582786983841200847269007970707367698283006669
716578008372798584737871009779826869828300707982006986
698289797869008479007269656800847900847269007869658266
890082737076690082657871690084790066690073838385696800
707382696582778300657868006577778578738473797814979733
66798584008472738300847377691200847269007769780065840051
67727970736976680067798576680076797975006879877800847987
65826883008472690072658266798200657868008673698700847269
846982827366766900978373717284008578707976687378710065
830084726900658484656775737871008076657869830066697165
780084790087826965750084726973820072658679670065777978
710084726900657867727982696800837273808300737800978472
690072658266798214005272698900677985766800836969008772
65840065808069658269680084790066690065000277738384020079
820002707971020082738373787100708279770084726900726582
66798200658269651400974265678185698300687368007879840069
766566798265846900797800847273830008818573846900807983
837366768900826983857684830079700084726900667977667378
710914009797337084698200847269007769780087698269007378
847269008082796769838300797000666973787100658277696812
847269007769780087727900876982690065788473136573826782
65708400848265737869681200838567720065830097426567818569
831200876982690079826869826968008479007269656800847900
847269007779858472007970008472690072658266798200847900
776578008472690066658484698289007970006578847313657382
67826570840071857883009708191373786772090076796765846968
847269826914005272690071857883008769826900837384856584
696800737800650002707382737871008073840200797000837982
848300847265840065767679876968007079820084726900978769
65807978008479008279846584690084790070797676798700658484
65677573787100657382678265708414009797538079780082696567
727378710084727383006583837371787769788412008472690077
697800666971657800707382737871007978008472690065848465
67757378710065738267826570840008738400738300658383857769
680084726584009765840084727383008473776912008472690065
848465677500726568006978846982696800737884790084726900
836967797868008765866900797000657382678265708409140097
975272690087696580797883008769826900707382696800657868
846582716984830087698269008076697884737085761200737868
696968140052726900707382737871008765830084790084726900
698884697884008472658400847269009766658282697683006669
67657769008269680072798400657868008472690071857883006669
716578007465777773787114009700975179776900797000847269
746577777378710071857883008779857668006567848565767689
026685677500767375690065006685677573787100668279786779
02006578680076738469826576768900706576760066656775007978
847900978472690071857878698283007378008472690070738273
787100807384830100527269007970707367698283006578680078
797867797783007978007265786800666971657800738383857378
710079826869828300847900698873840084726900977073827378
710080738483007079820070696582007970008472690087696580
797883006988807679687378710065786800737874858273787100
798200757376767378710084726900776978007378008472690080
738483140042656781856983009768736800658300726900876583
847976681200657868007179840079858400797000847269007073
827378710080738412006578680066697165780084790082857812
706576767378710073788479006500766582716900727976691400
40690097826967657676830066697378710068659069681200838485
787869680065786800658080696582696800847900726586690070
65767669780073788479006500766582716900026676656775007279
766902007378008772736772007269007265680097847900677673
776600798584140866797766006782658469823109979700000000
